0 0.2978515625 0.78125 0.064453125 0.05859375
0 0.193359375 0.634765625 0.10546875 0.078125
0 0.6748046875 0.599609375 0.119140625 0.05859375
0 0.8037109375 0.509765625 0.115234375 0.09765625
0 0.5615234375 0.4033203125 0.115234375 0.095703125
0 0.2529296875 0.19140625 0.111328125 0.09375
0 0.1533203125 0.0771484375 0.103515625 0.099609375
0 0.65625 0.046875 0.10546875 0.09375
0 0.857421875 0.2626953125 0.1015625 0.083984375
0 0.7763671875 0.197265625 0.087890625 0.078125
0 0.029296875 0.91796875 0.05859375 0.08203125