0 0.8626302083333334 0.234375 0.8951822916666666 0.23359375 0.89453125 0.25 0.8606770833333334 0.2484375
0 0.9016927083333334 0.20390625 0.9348958333333334 0.2046875 0.9348958333333334 0.22578125 0.90234375 0.225
0 0.8606770833333334 0.2125 0.8893229166666666 0.21171875 0.8893229166666666 0.22578125 0.8600260416666666 0.22578125
0 0.9544270833333334 0.396875 0.974609375 0.3984375 0.974609375 0.41640625 0.951171875 0.41796875
0 0.90625 0.23359375 0.9407552083333334 0.23515625 0.94140625 0.253125 0.9055989583333334 0.25234375
0 0.8665364583333334 0.43359375 0.896484375 0.4328125 0.8977864583333334 0.45703125 0.8658854166666666 0.4546875
0 0.9231770833333334 0.884375 0.9401041666666666 0.88203125 0.9401041666666666 0.91875 0.921875 0.9171875
0 0.6145833333333334 0.8421875 0.6536458333333334 0.84140625 0.65234375 0.8640625 0.6119791666666666 0.8625
0 0.517578125 0.8421875 0.5481770833333334 0.84375 0.5475260416666666 0.86015625 0.5169270833333334 0.859375
0 0.376953125 0.84375 0.4153645833333333 0.84453125 0.4140625 0.8609375 0.3756510416666667 0.86171875
0 0.23958333333333334 0.8484375 0.2669270833333333 0.84765625 0.267578125 0.8609375 0.23828125 0.8609375
0 0.13216145833333334 0.8234375 0.16731770833333334 0.82265625 0.16666666666666666 0.83671875 0.12955729166666666 0.8375
0 0.00390625 0.83203125 0.03125 0.81640625 0.0390625 0.83203125 0.009114583333333334 0.84921875
0 0.185546875 0.65390625 0.20442708333333334 0.6546875 0.20703125 0.6875 0.18294270833333334 0.6875
0 0.19270833333333334 0.5109375 0.20572916666666666 0.51171875 0.20638020833333334 0.540625 0.19140625 0.540625
0 0.0013020833333333333 0.56640625 0.016276041666666668 0.56640625 0.016276041666666668 0.59375 0.0006510416666666666 0.59453125
0 0.18815104166666666 0.37265625 0.203125 0.37109375 0.20247395833333334 0.396875 0.185546875 0.3953125
0 0.0006510416666666666 0.2125 0.021484375 0.215625 0.020833333333333332 0.23671875 0.0006510416666666666 0.23671875
0 0.9921875 0.84140625 0.9993489583333334 0.840625 1 0.86015625 0.9908854166666666 0.85859375
0 0.2942708333333333 0.84765625 0.322265625 0.84609375 0.3235677083333333 0.86015625 0.2942708333333333 0.86015625
0 0.3287760416666667 0.846875 0.3430989583333333 0.846875 0.3430989583333333 0.8578125 0.3274739583333333 0.85703125