0 0.6730769230769231 0.04534883720930233 0.6909340659340659 0.04534883720930233 0.6909340659340659 0.053488372093023255 0.6730769230769231 0.053488372093023255
0 0.35027472527472525 0.4744186046511628 0.36538461538461536 0.4755813953488372 0.36538461538461536 0.48255813953488375 0.35027472527472525 0.4813953488372093
0 0.37225274725274726 0.6255813953488372 0.38873626373626374 0.6267441860465116 0.38873626373626374 0.6337209302325582 0.37225274725274726 0.6313953488372093
0 0.5041208791208791 0.6255813953488372 0.5164835164835165 0.6244186046511628 0.5151098901098901 0.6372093023255814 0.5013736263736264 0.6372093023255814
0 0.5164835164835165 0.5488372093023256 0.5494505494505495 0.5406976744186046 0.5521978021978022 0.5523255813953488 0.5192307692307693 0.5593023255813954
0 0.5370879120879121 0.5593023255813954 0.5508241758241759 0.5593023255813954 0.5508241758241759 0.5662790697674419 0.5357142857142857 0.5674418604651162
0 0.42994505494505497 0.5453488372093023 0.44505494505494503 0.5453488372093023 0.44505494505494503 0.5523255813953488 0.42994505494505497 0.5523255813953488
0 0.46703296703296704 0.5476744186046512 0.4807692307692308 0.5476744186046512 0.4807692307692308 0.5534883720930233 0.46703296703296704 0.5523255813953488
0 0.5412087912087912 0.5709302325581396 0.5508241758241759 0.5709302325581396 0.5508241758241759 0.5802325581395349 0.5384615384615384 0.5790697674418605
0 0.13598901098901098 0.7069767441860465 0.14697802197802198 0.7 0.15247252747252749 0.7069767441860465 0.1401098901098901 0.7127906976744186
0 0.24175824175824176 0.813953488372093 0.2541208791208791 0.813953488372093 0.25274725274725274 0.8267441860465117 0.23901098901098902 0.8255813953488372
0 0.10989010989010989 0.9279069767441861 0.12087912087912088 0.9279069767441861 0.12087912087912088 0.9348837209302325 0.10989010989010989 0.9348837209302325
0 0.13598901098901098 0.9290697674418604 0.15384615384615385 0.9290697674418604 0.15247252747252749 0.936046511627907 0.13598901098901098 0.936046511627907
0 0.1346153846153846 0.9069767441860465 0.14423076923076922 0.9069767441860465 0.14423076923076922 0.9162790697674419 0.1346153846153846 0.9151162790697674
0 0.5013736263736264 0.8709302325581395 0.5123626373626373 0.8709302325581395 0.510989010989011 0.8860465116279069 0.5 0.8860465116279069
0 0.6730769230769231 0.7616279069767442 0.6909340659340659 0.7627906976744186 0.6909340659340659 0.7709302325581395 0.6703296703296703 0.7686046511627908
0 0.24313186813186813 0.6023255813953489 0.2541208791208791 0.6023255813953489 0.2541208791208791 0.6151162790697674 0.24175824175824176 0.6139534883720931
0 0.15521978021978022 0.5616279069767441 0.16346153846153846 0.5616279069767441 0.1620879120879121 0.5744186046511628 0.15384615384615385 0.5744186046511628
0 0.6744505494505495 0.7046511627906977 0.6936813186813187 0.7058139534883721 0.6936813186813187 0.7127906976744186 0.6730769230769231 0.7116279069767442
0 0.16346153846153846 0.4174418604651163 0.1771978021978022 0.4174418604651163 0.17582417582417584 0.4290697674418605 0.16346153846153846 0.42674418604651165
0 0.24175824175824176 0.1686046511627907 0.25961538461538464 0.1686046511627907 0.25824175824175827 0.17674418604651163 0.2403846153846154 0.17674418604651163
0 0.24175824175824176 0.18255813953488373 0.25824175824175827 0.18255813953488373 0.25824175824175827 0.1883720930232558 0.24175824175824176 0.18953488372093022
0 0.13598901098901098 0.15348837209302327 0.1565934065934066 0.15465116279069768 0.15521978021978022 0.1686046511627907 0.1346153846153846 0.1686046511627907
0 0.2348901098901099 0.2941860465116279 0.25274725274725274 0.29651162790697677 0.25137362637362637 0.3058139534883721 0.2348901098901099 0.3058139534883721
0 0.125 0.30930232558139537 0.13736263736263737 0.30930232558139537 0.13736263736263737 0.32209302325581396 0.125 0.3209302325581395
0 0.24313186813186813 0.33488372093023255 0.2623626373626374 0.33488372093023255 0.2623626373626374 0.3430232558139535 0.24175824175824176 0.34418604651162793
0 0.5851648351648352 0.7755813953488372 0.6016483516483516 0.7755813953488372 0.6002747252747253 0.7848837209302325 0.5837912087912088 0.7825581395348837
0 0.570054945054945 0.7174418604651163 0.592032967032967 0.7186046511627907 0.5906593406593407 0.7255813953488373 0.5686813186813187 0.7255813953488373
0 0.49862637362637363 0.9046511627906977 0.5068681318681318 0.9046511627906977 0.5068681318681318 0.9127906976744186 0.4958791208791209 0.913953488372093
0 0.8585164835164835 0.03255813953488372 0.8695054945054945 0.03255813953488372 0.8695054945054945 0.04883720930232558 0.8571428571428571 0.04883720930232558
0 0.6456043956043956 0.046511627906976744 0.6648351648351648 0.046511627906976744 0.6634615384615384 0.05232558139534884 0.6456043956043956 0.05116279069767442
0 0.7994505494505495 0.04883720930232558 0.8104395604395604 0.05 0.8090659340659341 0.05930232558139535 0.7980769230769231 0.05930232558139535
0 0.8324175824175825 0.45 0.8626373626373627 0.45232558139534884 0.8598901098901099 0.4744186046511628 0.8269230769230769 0.4720930232558139
0 0.5412087912087912 0.4790697674418605 0.5521978021978022 0.4790697674418605 0.5535714285714286 0.48604651162790696 0.5425824175824175 0.4848837209302326
0 0.8571428571428571 0.07325581395348837 0.8681318681318682 0.07209302325581396 0.8653846153846154 0.12209302325581395 0.8571428571428571 0.12209302325581395
0 0.7857142857142857 0.20348837209302326 0.8063186813186813 0.20348837209302326 0.8063186813186813 0.2116279069767442 0.7843406593406593 0.2116279069767442
0 0.8351648351648352 0.20465116279069767 0.8516483516483516 0.2058139534883721 0.8516483516483516 0.2127906976744186 0.8337912087912088 0.2127906976744186
0 0.9587912087912088 0.053488372093023255 0.9642857142857143 0.053488372093023255 0.9642857142857143 0.06395348837209303 0.9560439560439561 0.06395348837209303
0 0.9519230769230769 0.17906976744186046 0.9601648351648352 0.18023255813953487 0.9615384615384616 0.1883720930232558 0.9532967032967034 0.1883720930232558
0 0.15384615384615385 0.6790697674418604 0.15796703296703296 0.6790697674418604 0.15796703296703296 0.6872093023255814 0.15247252747252749 0.6872093023255814
0 0.15384615384615385 0.6 0.1620879120879121 0.5988372093023255 0.16071428571428573 0.6116279069767442 0.15247252747252749 0.6104651162790697
0 0.8708791208791209 0.11046511627906977 0.8763736263736264 0.11046511627906977 0.8763736263736264 0.12441860465116279 0.8695054945054945 0.12209302325581395
0 0.6895604395604396 0.20116279069767443 0.7101648351648352 0.2 0.7087912087912088 0.21046511627906977 0.6868131868131868 0.20930232558139536
0 0.75 0.7186046511627907 0.7582417582417582 0.7186046511627907 0.7568681318681318 0.7325581395348837 0.7472527472527473 0.7313953488372092
0 0.6071428571428571 0.9209302325581395 0.6153846153846154 0.9209302325581395 0.6167582417582418 0.9290697674418604 0.6085164835164835 0.9290697674418604
0 0.8145604395604396 0.6686046511627907 0.8228021978021978 0.6697674418604651 0.8241758241758241 0.6837209302325581 0.8131868131868132 0.6837209302325581
0 0.8791208791208791 0.7209302325581395 0.8887362637362637 0.7220930232558139 0.8873626373626373 0.7383720930232558 0.8804945054945055 0.736046511627907
0 0.9478021978021978 0.672093023255814 0.9560439560439561 0.6744186046511628 0.9560439560439561 0.686046511627907 0.9478021978021978 0.686046511627907
0 0.7788461538461539 0.8965116279069767 0.7857142857142857 0.8953488372093024 0.7843406593406593 0.9325581395348838 0.7774725274725275 0.9302325581395349
0 0.6291208791208791 0.9720930232558139 0.6442307692307693 0.9732558139534884 0.6442307692307693 0.977906976744186 0.6277472527472527 0.9767441860465116
0 0.6195054945054945 0.9802325581395349 0.6387362637362637 0.9790697674418605 0.6387362637362637 0.986046511627907 0.6195054945054945 0.9872093023255814
0 0.6112637362637363 0.9697674418604652 0.6236263736263736 0.9697674418604652 0.625 0.9744186046511628 0.6126373626373627 0.9755813953488373
0 0.7348901098901099 0.20232558139534884 0.75 0.20232558139534884 0.7486263736263736 0.20930232558139536 0.7335164835164835 0.20930232558139536
0 0.771978021978022 0.9662790697674418 0.782967032967033 0.9686046511627907 0.7733516483516484 0.9930232558139535 0.760989010989011 0.9895348837209302
0 0.04945054945054945 0.9116279069767442 0.06043956043956044 0.9093023255813953 0.061813186813186816 0.9186046511627907 0.0521978021978022 0.922093023255814
0 0.25 0.3930232558139535 0.2664835164835165 0.3930232558139535 0.2664835164835165 0.40232558139534885 0.24725274725274726 0.40348837209302324
0 0.10027472527472528 0.22906976744186047 0.10714285714285714 0.2302325581395349 0.10576923076923077 0.24302325581395348 0.09752747252747253 0.24186046511627907
0 0.6483516483516484 0.12558139534883722 0.6662087912087912 0.12558139534883722 0.6620879120879121 0.13837209302325582 0.6483516483516484 0.13488372093023257
0 0.646978021978022 0.19767441860465115 0.6593406593406593 0.19883720930232557 0.6593406593406593 0.2069767441860465 0.6428571428571429 0.2058139534883721